   0.0000000e+00
   2.8000000e+02
   7.0000000e+01
   3.5000000e+02
   1.4000000e+02
   4.2000000e+02
   2.1000000e+02
   0.0000000e+00
   2.8000000e+02
   7.0000000e+01
   3.5000000e+02
   1.4000000e+02
   4.2000000e+02
   2.1000000e+02
   0.0000000e+00
   2.8000000e+02
   7.0000000e+01
   3.5000000e+02
   1.4000000e+02
   4.2000000e+02
   2.1000000e+02
   0.0000000e+00
   2.8000000e+02
   7.0000000e+01
   3.5000000e+02
   1.4000000e+02
   4.2000000e+02
   2.1000000e+02
   0.0000000e+00
   2.8000000e+02
   7.0000000e+01